,coronavirus,covid19,corona,covid_19,stayhome,quarantine,love,covid,virus,art,instagood,photooftheday,instagram,photography,picoftheday,stayathome,staysafe,explorepage,quedateencasa,fashion,explore,yomequedoencasa,fitness,beautiful,nature,cuarentena,life,memes,tiktok,drawing,follow,lockdown,artist,socialdistancing,likeforlikes,cute,illustration,design,music,followforfollowback,italia,pandemic,shanghai,motivation,2020,repost,travel,streetphotography,iorestoacasa,india,tbt,coronamemes,funny,followme,mila_polaroid,photoalbum,gerobokphoto,polaroid,polaroidmurahmalaysia,polaroidmurah,polaroidkalisair,polaroidfamily,polaroidmember,polaroidviral,quarentena,alien,food,me,ancientaliens,china,ufo,meme,s4,spaceship,contacttour,ufos,uap,ufologia,area51,unidentifiedflyingobject,unidentified,unacknowledged,ufosightings,et,ets,disclosure,siriusdisclosure,cseti,mufon,drstevengreer,djteez,tothestarsacademy,коронавирус,viral,artwork,health,italy,superring,happy,covıd19,instadaily,goodvibes,mask,smile,paris,comedy,saude,fun,magras,leica,كورونا,style,selflove,selfcare,pandemia,nutricaosaudavel,السعودية,girl,artistsoninstagram,herbagaharu,اكسبلورر,الامارات,قطر,ipastayathome,luciecovidphoto,مصر,كرونا,كويت,البحرين,حجر,صحي,حجر_صحي,وزارة,الصحة,وزارة_الصحة_الكويت,حظر_التجول,ضحك,کرونا,peace,mentalhealth,quoteoftheday,selfie,happiness,confinement,support,like,mindfulness,空城紀,theemptiness,anxiety,draw,photo,lifestyle,sketch,quarantinelife,humor,کروناویروس,feminism,depression,psychology,like4likes,youtube,funnymemes,instalike,like4like,facts,model,blogger,memesdaily,dankmemes,کرونا_ویروس,family,instaart,likeforfollow,therapy,mentalhealthawareness,mentalhealthawarenessweek,suicide,mentalhealthsupport,psych,therapistsofinstagram,suicidepreventation,psychotherapy,psychotherapis,mytherapistsays,psychologicalcounseling,advice,therapistproblems,takeiteasy,fiqueemcasa,spring,facebook,friends,newyork,photographer,digitalart,artoftheday,travelphotography,beauty,sketchbook
coronavirus,3906.0,881.0,814.0,508.0,390.0,354.0,294.0,314.0,289.0,229.0,209.0,191.0,255.0,171.0,152.0,176.0,174.0,157.0,148.0,111.0,135.0,130.0,129.0,90.0,113.0,128.0,93.0,120.0,120.0,98.0,95.0,116.0,92.0,111.0,86.0,87.0,79.0,98.0,98.0,88.0,100.0,102.0,102.0,76.0,98.0,85.0,87.0,98.0,93.0,96.0,74.0,91.0,89.0,74.0,150.0,150.0,150.0,150.0,150.0,150.0,150.0,150.0,150.0,150.0,90.0,89.0,81.0,77.0,87.0,100.0,86.0,83.0,84.0,85.0,84.0,84.0,84.0,84.0,84.0,84.0,84.0,84.0,84.0,84.0,84.0,84.0,84.0,84.0,84.0,84.0,84.0,84.0,82.0,75.0,77.0,77.0,76.0,133.0,60.0,81.0,61.0,87.0,76.0,58.0,64.0,75.0,74.0,57.0,71.0,70.0,70.0,52.0,47.0,47.0,72.0,69.0,69.0,57.0,66.0,124.0,68.0,68.0,68.0,68.0,68.0,67.0,67.0,67.0,67.0,67.0,67.0,67.0,67.0,67.0,67.0,67.0,67.0,86.0,60.0,41.0,43.0,55.0,39.0,59.0,38.0,53.0,38.0,60.0,60.0,37.0,38.0,50.0,52.0,33.0,58.0,56.0,78.0,57.0,35.0,35.0,39.0,87.0,56.0,48.0,47.0,32.0,42.0,51.0,49.0,49.0,85.0,42.0,28.0,35.0,30.0,29.0,29.0,29.0,29.0,29.0,29.0,29.0,29.0,29.0,29.0,29.0,29.0,29.0,29.0,50.0,49.0,81.0,40.0,49.0,43.0,47.0,25.0,43.0,40.0,25.0
covid19,881.0,888.0,196.0,44.0,84.0,78.0,40.0,102.0,72.0,28.0,19.0,19.0,26.0,11.0,14.0,58.0,80.0,5.0,33.0,9.0,6.0,49.0,11.0,9.0,5.0,37.0,6.0,15.0,15.0,16.0,10.0,29.0,11.0,39.0,6.0,8.0,12.0,6.0,6.0,2.0,33.0,35.0,1.0,9.0,20.0,7.0,3.0,3.0,13.0,14.0,5.0,25.0,9.0,4.0,147.0,147.0,147.0,147.0,147.0,147.0,147.0,147.0,147.0,147.0,16.0,84.0,16.0,3.0,84.0,24.0,84.0,7.0,84.0,84.0,84.0,84.0,84.0,84.0,84.0,84.0,84.0,84.0,84.0,84.0,84.0,84.0,84.0,84.0,84.0,84.0,84.0,84.0,30.0,12.0,33.0,22.0,7.0,133.0,6.0,10.0,6.0,3.0,10.0,5.0,0.0,7.0,10.0,2.0,0.0,1.0,0.0,5.0,1.0,2.0,24.0,0.0,0.0,7.0,27.0,0.0,0.0,0.0,0.0,0.0,0.0,1.0,0.0,0.0,0.0,0.0,0.0,0.0,0.0,0.0,0.0,0.0,0.0,25.0,9.0,0.0,1.0,8.0,1.0,8.0,3.0,10.0,4.0,0.0,0.0,1.0,3.0,12.0,7.0,3.0,26.0,6.0,28.0,1.0,0.0,0.0,0.0,1.0,2.0,5.0,0.0,0.0,4.0,5.0,1.0,0.0,20.0,6.0,3.0,3.0,0.0,0.0,0.0,0.0,0.0,0.0,0.0,0.0,0.0,0.0,0.0,0.0,0.0,0.0,0.0,8.0,2.0,2.0,1.0,5.0,4.0,9.0,3.0,5.0,5.0,2.0
corona,814.0,196.0,860.0,133.0,109.0,91.0,74.0,119.0,164.0,53.0,59.0,47.0,82.0,34.0,39.0,62.0,60.0,92.0,11.0,25.0,82.0,7.0,13.0,9.0,12.0,10.0,9.0,64.0,46.0,20.0,18.0,57.0,20.0,23.0,51.0,18.0,10.0,11.0,23.0,33.0,49.0,53.0,1.0,13.0,30.0,19.0,16.0,4.0,20.0,67.0,13.0,48.0,51.0,6.0,0.0,0.0,0.0,0.0,0.0,0.0,0.0,0.0,0.0,0.0,22.0,3.0,22.0,17.0,3.0,54.0,0.0,38.0,0.0,1.0,0.0,0.0,0.0,0.0,0.0,0.0,0.0,0.0,0.0,0.0,0.0,0.0,0.0,0.0,0.0,0.0,0.0,0.0,27.0,34.0,34.0,31.0,11.0,0.0,9.0,18.0,6.0,4.0,41.0,10.0,8.0,36.0,3.0,16.0,0.0,0.0,67.0,6.0,3.0,1.0,20.0,0.0,68.0,9.0,41.0,0.0,66.0,67.0,66.0,0.0,0.0,67.0,66.0,66.0,66.0,66.0,66.0,66.0,66.0,66.0,66.0,66.0,66.0,76.0,4.0,3.0,9.0,9.0,1.0,8.0,1.0,14.0,1.0,0.0,0.0,1.0,3.0,12.0,6.0,2.0,8.0,3.0,69.0,54.0,0.0,1.0,16.0,8.0,22.0,15.0,15.0,2.0,11.0,19.0,10.0,20.0,91.0,6.0,4.0,20.0,1.0,0.0,0.0,0.0,0.0,0.0,0.0,0.0,0.0,0.0,0.0,0.0,0.0,0.0,0.0,15.0,1.0,3.0,4.0,12.0,10.0,5.0,1.0,6.0,9.0,3.0
covid_19,508.0,44.0,133.0,516.0,91.0,60.0,37.0,80.0,112.0,55.0,32.0,41.0,52.0,31.0,40.0,52.0,26.0,10.0,52.0,13.0,11.0,19.0,64.0,10.0,14.0,21.0,10.0,5.0,20.0,26.0,7.0,23.0,29.0,28.0,38.0,10.0,24.0,19.0,22.0,17.0,14.0,27.0,31.0,6.0,18.0,4.0,14.0,6.0,22.0,11.0,3.0,24.0,20.0,10.0,0.0,0.0,0.0,0.0,0.0,0.0,0.0,0.0,0.0,0.0,47.0,0.0,4.0,8.0,0.0,13.0,1.0,5.0,0.0,0.0,0.0,0.0,0.0,0.0,0.0,0.0,0.0,0.0,0.0,0.0,0.0,0.0,0.0,0.0,0.0,0.0,0.0,0.0,8.0,19.0,16.0,12.0,20.0,0.0,6.0,38.0,11.0,5.0,12.0,5.0,7.0,7.0,40.0,7.0,71.0,0.0,0.0,6.0,7.0,5.0,22.0,69.0,1.0,4.0,17.0,0.0,0.0,1.0,0.0,0.0,0.0,0.0,0.0,0.0,0.0,0.0,0.0,0.0,0.0,0.0,0.0,0.0,0.0,1.0,1.0,3.0,6.0,4.0,2.0,19.0,1.0,10.0,0.0,0.0,0.0,1.0,5.0,11.0,5.0,10.0,13.0,10.0,0.0,0.0,1.0,0.0,17.0,7.0,3.0,11.0,2.0,0.0,3.0,5.0,0.0,1.0,0.0,3.0,9.0,17.0,0.0,0.0,0.0,0.0,0.0,0.0,0.0,0.0,0.0,0.0,0.0,0.0,0.0,0.0,0.0,6.0,8.0,3.0,4.0,11.0,16.0,17.0,6.0,9.0,9.0,13.0
stayhome,390.0,84.0,109.0,91.0,413.0,119.0,58.0,54.0,77.0,30.0,56.0,57.0,28.0,38.0,34.0,66.0,99.0,8.0,26.0,11.0,9.0,20.0,8.0,5.0,21.0,36.0,10.0,6.0,6.0,9.0,10.0,45.0,19.0,49.0,20.0,21.0,11.0,14.0,14.0,26.0,22.0,36.0,23.0,10.0,11.0,4.0,11.0,1.0,32.0,23.0,17.0,28.0,2.0,24.0,0.0,0.0,0.0,0.0,0.0,0.0,0.0,0.0,0.0,0.0,8.0,0.0,2.0,14.0,0.0,10.0,0.0,6.0,0.0,1.0,0.0,0.0,0.0,0.0,0.0,0.0,0.0,0.0,0.0,0.0,0.0,0.0,0.0,0.0,0.0,0.0,0.0,0.0,2.0,12.0,13.0,15.0,16.0,0.0,3.0,19.0,8.0,7.0,35.0,5.0,19.0,5.0,2.0,5.0,0.0,0.0,0.0,4.0,3.0,3.0,26.0,0.0,0.0,6.0,8.0,0.0,0.0,0.0,0.0,0.0,0.0,0.0,0.0,0.0,0.0,0.0,0.0,0.0,0.0,0.0,0.0,0.0,0.0,4.0,6.0,3.0,3.0,8.0,2.0,8.0,2.0,9.0,0.0,0.0,0.0,0.0,4.0,9.0,12.0,3.0,27.0,1.0,2.0,0.0,0.0,0.0,3.0,0.0,1.0,12.0,3.0,0.0,3.0,20.0,0.0,0.0,2.0,5.0,8.0,1.0,0.0,0.0,0.0,0.0,0.0,0.0,0.0,0.0,0.0,0.0,0.0,0.0,0.0,0.0,0.0,16.0,3.0,0.0,4.0,7.0,8.0,14.0,3.0,3.0,1.0,3.0
quarantine,354.0,78.0,91.0,60.0,119.0,366.0,58.0,42.0,55.0,23.0,40.0,39.0,27.0,23.0,21.0,27.0,46.0,25.0,14.0,16.0,23.0,9.0,15.0,8.0,8.0,34.0,20.0,11.0,22.0,10.0,9.0,25.0,19.0,51.0,7.0,24.0,9.0,10.0,13.0,8.0,5.0,18.0,0.0,9.0,18.0,1.0,12.0,1.0,17.0,15.0,11.0,35.0,8.0,12.0,0.0,0.0,0.0,0.0,0.0,0.0,0.0,0.0,0.0,0.0,10.0,0.0,5.0,9.0,0.0,10.0,0.0,7.0,0.0,1.0,0.0,0.0,0.0,0.0,0.0,0.0,0.0,0.0,0.0,0.0,0.0,0.0,0.0,0.0,0.0,0.0,0.0,0.0,7.0,20.0,6.0,16.0,15.0,0.0,4.0,10.0,3.0,9.0,6.0,5.0,10.0,3.0,1.0,5.0,0.0,0.0,0.0,3.0,8.0,5.0,12.0,0.0,0.0,5.0,4.0,0.0,0.0,0.0,0.0,0.0,0.0,1.0,0.0,0.0,0.0,0.0,0.0,0.0,0.0,0.0,0.0,0.0,0.0,0.0,4.0,3.0,0.0,7.0,1.0,5.0,2.0,7.0,2.0,0.0,0.0,2.0,4.0,6.0,10.0,6.0,42.0,0.0,0.0,0.0,1.0,1.0,1.0,4.0,6.0,4.0,1.0,1.0,8.0,3.0,0.0,1.0,0.0,18.0,4.0,1.0,1.0,0.0,0.0,0.0,0.0,0.0,0.0,0.0,0.0,0.0,0.0,0.0,0.0,0.0,0.0,4.0,17.0,3.0,1.0,9.0,8.0,6.0,3.0,1.0,8.0,5.0
love,294.0,40.0,74.0,37.0,58.0,58.0,377.0,39.0,36.0,57.0,126.0,99.0,65.0,52.0,62.0,31.0,30.0,22.0,16.0,58.0,13.0,15.0,20.0,58.0,44.0,10.0,45.0,14.0,18.0,14.0,50.0,13.0,20.0,21.0,14.0,61.0,10.0,30.0,37.0,21.0,12.0,13.0,0.0,6.0,14.0,19.0,37.0,4.0,17.0,11.0,51.0,16.0,16.0,40.0,0.0,0.0,0.0,0.0,0.0,0.0,0.0,0.0,0.0,0.0,6.0,0.0,25.0,49.0,0.0,13.0,0.0,10.0,0.0,0.0,0.0,0.0,0.0,0.0,0.0,0.0,0.0,0.0,0.0,0.0,0.0,0.0,0.0,0.0,0.0,0.0,0.0,0.0,5.0,25.0,4.0,18.0,7.0,0.0,44.0,11.0,47.0,19.0,16.0,44.0,5.0,16.0,2.0,36.0,0.0,0.0,0.0,28.0,10.0,7.0,11.0,0.0,0.0,39.0,6.0,0.0,0.0,0.0,0.0,0.0,0.0,0.0,0.0,0.0,0.0,0.0,0.0,0.0,0.0,0.0,0.0,0.0,0.0,4.0,9.0,6.0,1.0,30.0,6.0,3.0,3.0,29.0,5.0,0.0,0.0,5.0,9.0,18.0,24.0,8.0,6.0,1.0,0.0,0.0,3.0,0.0,11.0,5.0,5.0,18.0,26.0,0.0,17.0,14.0,1.0,0.0,0.0,34.0,1.0,3.0,0.0,0.0,0.0,0.0,0.0,0.0,0.0,0.0,0.0,0.0,0.0,0.0,0.0,0.0,0.0,4.0,22.0,0.0,23.0,8.0,12.0,1.0,5.0,9.0,13.0,1.0
covid,314.0,102.0,119.0,80.0,54.0,42.0,39.0,326.0,65.0,17.0,17.0,18.0,22.0,17.0,11.0,37.0,27.0,11.0,21.0,6.0,10.0,18.0,4.0,5.0,5.0,21.0,6.0,8.0,3.0,16.0,7.0,14.0,9.0,20.0,9.0,8.0,10.0,1.0,10.0,0.0,45.0,23.0,1.0,4.0,4.0,7.0,8.0,3.0,16.0,10.0,4.0,15.0,2.0,1.0,0.0,0.0,0.0,0.0,0.0,0.0,0.0,0.0,0.0,0.0,7.0,0.0,2.0,4.0,0.0,26.0,0.0,5.0,0.0,0.0,0.0,0.0,0.0,0.0,0.0,0.0,0.0,0.0,0.0,0.0,0.0,0.0,0.0,0.0,0.0,0.0,0.0,0.0,4.0,11.0,3.0,21.0,17.0,0.0,5.0,36.0,5.0,1.0,8.0,9.0,1.0,4.0,12.0,5.0,0.0,0.0,0.0,3.0,0.0,0.0,16.0,0.0,0.0,0.0,1.0,0.0,0.0,0.0,0.0,0.0,0.0,0.0,0.0,0.0,0.0,0.0,0.0,0.0,0.0,0.0,0.0,0.0,0.0,1.0,3.0,0.0,0.0,1.0,3.0,3.0,2.0,11.0,0.0,0.0,0.0,1.0,1.0,6.0,3.0,10.0,9.0,15.0,1.0,0.0,0.0,0.0,0.0,1.0,0.0,9.0,2.0,0.0,3.0,1.0,0.0,0.0,0.0,0.0,1.0,2.0,0.0,0.0,0.0,0.0,0.0,0.0,0.0,0.0,0.0,0.0,0.0,0.0,0.0,0.0,0.0,8.0,2.0,0.0,2.0,8.0,3.0,5.0,0.0,1.0,5.0,9.0
virus,289.0,72.0,164.0,112.0,77.0,55.0,36.0,65.0,301.0,61.0,21.0,37.0,58.0,10.0,21.0,38.0,30.0,3.0,10.0,12.0,4.0,10.0,5.0,4.0,7.0,10.0,4.0,8.0,2.0,31.0,15.0,13.0,24.0,15.0,35.0,7.0,19.0,16.0,5.0,21.0,15.0,29.0,26.0,3.0,11.0,15.0,12.0,0.0,13.0,14.0,8.0,15.0,19.0,8.0,0.0,0.0,0.0,0.0,0.0,0.0,0.0,0.0,0.0,0.0,7.0,3.0,1.0,11.0,3.0,33.0,0.0,11.0,0.0,0.0,0.0,0.0,0.0,0.0,0.0,0.0,0.0,0.0,0.0,0.0,0.0,0.0,0.0,0.0,0.0,0.0,0.0,0.0,2.0,22.0,13.0,22.0,13.0,0.0,1.0,13.0,0.0,1.0,26.0,5.0,2.0,7.0,2.0,5.0,0.0,0.0,0.0,5.0,1.0,0.0,13.0,0.0,0.0,3.0,7.0,0.0,0.0,0.0,0.0,0.0,0.0,1.0,0.0,0.0,0.0,0.0,0.0,0.0,0.0,0.0,0.0,0.0,0.0,4.0,5.0,0.0,0.0,3.0,0.0,3.0,0.0,19.0,0.0,0.0,0.0,0.0,5.0,6.0,2.0,10.0,7.0,10.0,1.0,1.0,0.0,0.0,16.0,1.0,0.0,5.0,0.0,0.0,4.0,0.0,0.0,0.0,2.0,2.0,6.0,17.0,0.0,0.0,0.0,0.0,0.0,0.0,0.0,0.0,0.0,0.0,0.0,0.0,0.0,0.0,0.0,1.0,0.0,0.0,1.0,5.0,3.0,14.0,10.0,1.0,2.0,13.0
art,229.0,28.0,53.0,55.0,30.0,23.0,57.0,17.0,61.0,293.0,76.0,65.0,19.0,36.0,45.0,14.0,8.0,0.0,7.0,39.0,3.0,8.0,6.0,59.0,35.0,6.0,7.0,12.0,3.0,109.0,37.0,5.0,86.0,11.0,1.0,38.0,71.0,52.0,23.0,19.0,2.0,5.0,3.0,1.0,14.0,26.0,20.0,6.0,10.0,10.0,35.0,3.0,2.0,31.0,0.0,0.0,0.0,0.0,0.0,0.0,0.0,0.0,0.0,0.0,3.0,1.0,25.0,40.0,0.0,12.0,2.0,10.0,0.0,0.0,0.0,0.0,0.0,0.0,0.0,0.0,0.0,0.0,0.0,0.0,0.0,0.0,0.0,0.0,0.0,0.0,0.0,0.0,2.0,3.0,39.0,4.0,16.0,0.0,26.0,12.0,29.0,6.0,20.0,26.0,8.0,6.0,0.0,31.0,0.0,0.0,0.0,31.0,0.0,0.0,6.0,0.0,0.0,36.0,21.0,0.0,0.0,0.0,0.0,0.0,0.0,0.0,0.0,0.0,0.0,0.0,0.0,0.0,0.0,0.0,0.0,0.0,0.0,6.0,6.0,0.0,0.0,26.0,1.0,8.0,1.0,16.0,0.0,0.0,0.0,1.0,50.0,17.0,1.0,47.0,1.0,17.0,0.0,1.0,0.0,0.0,1.0,4.0,1.0,6.0,26.0,0.0,15.0,3.0,1.0,0.0,0.0,6.0,52.0,8.0,0.0,0.0,0.0,0.0,0.0,0.0,0.0,0.0,0.0,0.0,0.0,0.0,0.0,0.0,0.0,0.0,4.0,0.0,25.0,5.0,9.0,34.0,40.0,6.0,5.0,44.0
instagood,209.0,19.0,59.0,32.0,56.0,40.0,126.0,17.0,21.0,76.0,268.0,146.0,70.0,61.0,93.0,20.0,13.0,3.0,12.0,36.0,6.0,16.0,17.0,82.0,46.0,19.0,21.0,7.0,9.0,25.0,49.0,4.0,43.0,12.0,18.0,65.0,22.0,24.0,10.0,17.0,6.0,8.0,3.0,15.0,8.0,17.0,36.0,4.0,10.0,6.0,57.0,9.0,6.0,44.0,0.0,0.0,0.0,0.0,0.0,0.0,0.0,0.0,0.0,0.0,6.0,0.0,21.0,56.0,0.0,8.0,0.0,5.0,0.0,0.0,0.0,0.0,0.0,0.0,0.0,0.0,0.0,0.0,0.0,0.0,0.0,0.0,0.0,0.0,0.0,0.0,0.0,0.0,0.0,11.0,5.0,8.0,4.0,0.0,38.0,2.0,55.0,10.0,13.0,46.0,4.0,6.0,1.0,26.0,0.0,0.0,0.0,26.0,3.0,1.0,6.0,0.0,0.0,24.0,15.0,0.0,0.0,0.0,0.0,0.0,0.0,0.0,0.0,0.0,0.0,0.0,0.0,0.0,0.0,0.0,0.0,0.0,0.0,1.0,3.0,0.0,1.0,33.0,6.0,3.0,0.0,18.0,0.0,0.0,0.0,0.0,24.0,20.0,26.0,22.0,2.0,1.0,0.0,0.0,1.0,0.0,15.0,2.0,1.0,37.0,36.0,0.0,11.0,16.0,0.0,1.0,0.0,13.0,29.0,4.0,0.0,0.0,0.0,0.0,0.0,0.0,0.0,0.0,0.0,0.0,0.0,0.0,0.0,0.0,0.0,4.0,13.0,0.0,20.0,6.0,13.0,6.0,22.0,8.0,7.0,20.0
photooftheday,191.0,19.0,47.0,41.0,57.0,39.0,99.0,18.0,37.0,65.0,146.0,253.0,66.0,99.0,115.0,18.0,15.0,0.0,7.0,49.0,6.0,8.0,11.0,78.0,61.0,15.0,25.0,1.0,1.0,22.0,41.0,2.0,33.0,10.0,40.0,66.0,21.0,23.0,1.0,24.0,12.0,10.0,0.0,9.0,3.0,15.0,38.0,8.0,20.0,8.0,53.0,0.0,17.0,36.0,0.0,0.0,0.0,0.0,0.0,0.0,0.0,0.0,0.0,0.0,3.0,0.0,21.0,54.0,0.0,4.0,0.0,0.0,0.0,0.0,0.0,0.0,0.0,0.0,0.0,0.0,0.0,0.0,0.0,0.0,0.0,0.0,0.0,0.0,0.0,0.0,0.0,0.0,1.0,2.0,4.0,5.0,11.0,0.0,31.0,2.0,48.0,7.0,16.0,39.0,21.0,1.0,1.0,24.0,0.0,0.0,0.0,22.0,2.0,0.0,8.0,0.0,0.0,26.0,3.0,0.0,0.0,0.0,0.0,0.0,0.0,0.0,0.0,0.0,0.0,0.0,0.0,0.0,0.0,0.0,0.0,0.0,0.0,0.0,1.0,0.0,0.0,28.0,2.0,5.0,0.0,9.0,0.0,0.0,0.0,0.0,21.0,37.0,17.0,22.0,5.0,0.0,0.0,0.0,0.0,0.0,29.0,1.0,0.0,20.0,30.0,0.0,5.0,12.0,0.0,0.0,0.0,12.0,23.0,19.0,0.0,0.0,0.0,0.0,0.0,0.0,0.0,0.0,0.0,0.0,0.0,0.0,0.0,0.0,0.0,2.0,14.0,0.0,16.0,3.0,25.0,2.0,23.0,15.0,9.0,21.0
instagram,255.0,26.0,82.0,52.0,28.0,27.0,65.0,22.0,58.0,19.0,70.0,66.0,304.0,35.0,57.0,14.0,15.0,5.0,8.0,15.0,8.0,10.0,9.0,20.0,15.0,9.0,13.0,8.0,26.0,5.0,20.0,9.0,8.0,7.0,76.0,4.0,8.0,15.0,11.0,43.0,1.0,5.0,0.0,8.0,5.0,4.0,17.0,1.0,6.0,11.0,17.0,9.0,33.0,10.0,0.0,0.0,0.0,0.0,0.0,0.0,0.0,0.0,0.0,0.0,6.0,1.0,3.0,23.0,0.0,7.0,1.0,10.0,0.0,0.0,0.0,0.0,0.0,0.0,0.0,0.0,0.0,0.0,0.0,0.0,0.0,0.0,0.0,0.0,0.0,0.0,0.0,0.0,3.0,6.0,3.0,10.0,2.0,0.0,5.0,6.0,14.0,4.0,1.0,15.0,1.0,2.0,4.0,6.0,0.0,0.0,0.0,8.0,0.0,1.0,6.0,0.0,0.0,3.0,2.0,0.0,0.0,0.0,0.0,0.0,0.0,0.0,0.0,0.0,0.0,0.0,0.0,0.0,0.0,0.0,0.0,0.0,0.0,0.0,4.0,0.0,1.0,15.0,0.0,0.0,0.0,29.0,1.0,0.0,0.0,0.0,2.0,11.0,15.0,1.0,0.0,5.0,0.0,0.0,1.0,0.0,39.0,71.0,1.0,15.0,6.0,1.0,4.0,16.0,1.0,1.0,0.0,10.0,5.0,34.0,0.0,0.0,0.0,0.0,0.0,0.0,0.0,0.0,0.0,0.0,0.0,0.0,0.0,0.0,0.0,4.0,11.0,79.0,7.0,2.0,3.0,6.0,1.0,5.0,5.0,0.0
photography,171.0,11.0,34.0,31.0,38.0,23.0,52.0,17.0,10.0,36.0,61.0,99.0,35.0,204.0,67.0,11.0,16.0,0.0,6.0,27.0,7.0,7.0,10.0,33.0,60.0,2.0,14.0,1.0,3.0,2.0,8.0,5.0,5.0,14.0,13.0,14.0,1.0,20.0,5.0,7.0,12.0,5.0,1.0,6.0,4.0,2.0,40.0,14.0,16.0,4.0,19.0,0.0,2.0,13.0,0.0,0.0,0.0,0.0,0.0,0.0,0.0,0.0,0.0,0.0,2.0,0.0,4.0,27.0,0.0,6.0,0.0,3.0,0.0,0.0,0.0,0.0,0.0,0.0,0.0,0.0,0.0,0.0,0.0,0.0,0.0,0.0,0.0,0.0,0.0,0.0,0.0,0.0,2.0,3.0,3.0,1.0,15.0,0.0,12.0,3.0,17.0,7.0,1.0,14.0,22.0,1.0,0.0,8.0,0.0,0.0,0.0,6.0,2.0,0.0,2.0,0.0,0.0,6.0,5.0,0.0,0.0,0.0,0.0,0.0,0.0,0.0,0.0,0.0,0.0,0.0,0.0,0.0,0.0,0.0,0.0,0.0,0.0,0.0,4.0,0.0,0.0,16.0,3.0,9.0,0.0,9.0,0.0,0.0,0.0,0.0,0.0,44.0,13.0,0.0,4.0,1.0,0.0,0.0,0.0,0.0,12.0,1.0,1.0,14.0,8.0,0.0,10.0,14.0,1.0,0.0,0.0,15.0,1.0,6.0,0.0,0.0,0.0,0.0,0.0,0.0,0.0,0.0,0.0,0.0,0.0,0.0,0.0,0.0,0.0,1.0,20.0,0.0,5.0,6.0,43.0,0.0,1.0,19.0,9.0,0.0
picoftheday,152.0,14.0,39.0,40.0,34.0,21.0,62.0,11.0,21.0,45.0,93.0,115.0,57.0,67.0,193.0,10.0,7.0,2.0,11.0,54.0,4.0,14.0,5.0,67.0,46.0,19.0,22.0,0.0,3.0,6.0,41.0,3.0,9.0,5.0,39.0,50.0,3.0,9.0,7.0,18.0,15.0,6.0,4.0,5.0,1.0,26.0,20.0,8.0,17.0,7.0,44.0,1.0,20.0,44.0,0.0,0.0,0.0,0.0,0.0,0.0,0.0,0.0,0.0,0.0,2.0,0.0,32.0,47.0,0.0,6.0,0.0,3.0,0.0,0.0,0.0,0.0,0.0,0.0,0.0,0.0,0.0,0.0,0.0,0.0,0.0,0.0,0.0,0.0,0.0,0.0,0.0,0.0,0.0,3.0,5.0,3.0,17.0,0.0,38.0,4.0,44.0,6.0,2.0,36.0,7.0,0.0,1.0,32.0,0.0,0.0,0.0,39.0,0.0,0.0,6.0,0.0,0.0,34.0,2.0,0.0,0.0,0.0,0.0,0.0,0.0,0.0,0.0,0.0,0.0,0.0,0.0,0.0,0.0,0.0,0.0,0.0,0.0,0.0,0.0,0.0,0.0,31.0,1.0,5.0,0.0,9.0,0.0,0.0,0.0,0.0,3.0,29.0,7.0,2.0,4.0,2.0,0.0,0.0,0.0,0.0,19.0,1.0,2.0,16.0,40.0,0.0,8.0,4.0,2.0,0.0,0.0,10.0,7.0,16.0,0.0,0.0,0.0,0.0,0.0,0.0,0.0,0.0,0.0,0.0,0.0,0.0,0.0,0.0,0.0,2.0,8.0,0.0,29.0,4.0,24.0,5.0,1.0,13.0,7.0,0.0
stayathome,176.0,58.0,62.0,52.0,66.0,27.0,31.0,37.0,38.0,14.0,20.0,18.0,14.0,11.0,10.0,185.0,29.0,0.0,32.0,7.0,1.0,3.0,5.0,5.0,8.0,2.0,6.0,2.0,0.0,8.0,7.0,11.0,8.0,15.0,6.0,7.0,8.0,1.0,6.0,1.0,14.0,26.0,0.0,8.0,2.0,1.0,3.0,1.0,20.0,4.0,7.0,11.0,1.0,9.0,0.0,0.0,0.0,0.0,0.0,0.0,0.0,0.0,0.0,0.0,1.0,0.0,2.0,3.0,0.0,15.0,0.0,3.0,0.0,0.0,0.0,0.0,0.0,0.0,0.0,0.0,0.0,0.0,0.0,0.0,0.0,0.0,0.0,0.0,0.0,0.0,0.0,0.0,2.0,2.0,7.0,10.0,6.0,0.0,4.0,12.0,4.0,0.0,15.0,6.0,2.0,1.0,0.0,7.0,0.0,0.0,0.0,8.0,0.0,0.0,14.0,0.0,0.0,4.0,2.0,0.0,0.0,0.0,0.0,0.0,0.0,0.0,0.0,0.0,0.0,0.0,0.0,0.0,0.0,0.0,0.0,0.0,0.0,4.0,0.0,1.0,0.0,3.0,1.0,8.0,0.0,7.0,1.0,0.0,0.0,0.0,2.0,3.0,3.0,3.0,7.0,0.0,6.0,0.0,0.0,0.0,1.0,0.0,1.0,1.0,0.0,1.0,5.0,2.0,0.0,0.0,0.0,4.0,2.0,0.0,0.0,0.0,0.0,0.0,0.0,0.0,0.0,0.0,0.0,0.0,0.0,0.0,0.0,0.0,0.0,1.0,2.0,0.0,1.0,3.0,6.0,5.0,0.0,1.0,2.0,2.0
staysafe,174.0,80.0,60.0,26.0,99.0,46.0,30.0,27.0,30.0,8.0,13.0,15.0,15.0,16.0,7.0,29.0,221.0,0.0,14.0,12.0,2.0,8.0,5.0,1.0,1.0,8.0,7.0,5.0,2.0,2.0,1.0,48.0,7.0,34.0,14.0,2.0,3.0,1.0,4.0,13.0,6.0,16.0,0.0,4.0,1.0,1.0,0.0,1.0,7.0,21.0,1.0,26.0,5.0,1.0,0.0,0.0,0.0,0.0,0.0,0.0,0.0,0.0,0.0,0.0,1.0,0.0,19.0,2.0,0.0,25.0,0.0,5.0,0.0,0.0,0.0,0.0,0.0,0.0,0.0,0.0,0.0,0.0,0.0,0.0,0.0,0.0,0.0,0.0,0.0,0.0,0.0,0.0,0.0,5.0,6.0,20.0,4.0,0.0,4.0,8.0,0.0,5.0,13.0,5.0,1.0,1.0,0.0,6.0,0.0,0.0,0.0,5.0,3.0,0.0,5.0,0.0,0.0,3.0,2.0,0.0,0.0,0.0,0.0,0.0,0.0,0.0,0.0,0.0,0.0,0.0,0.0,0.0,0.0,0.0,0.0,0.0,0.0,0.0,19.0,1.0,1.0,0.0,0.0,5.0,1.0,4.0,0.0,0.0,0.0,0.0,0.0,1.0,4.0,1.0,19.0,0.0,0.0,0.0,0.0,0.0,0.0,1.0,1.0,5.0,0.0,0.0,4.0,24.0,0.0,0.0,0.0,1.0,1.0,0.0,0.0,0.0,0.0,0.0,0.0,0.0,0.0,0.0,0.0,0.0,0.0,0.0,0.0,0.0,0.0,1.0,1.0,0.0,1.0,3.0,5.0,2.0,1.0,0.0,3.0,1.0
explorepage,157.0,5.0,92.0,10.0,8.0,25.0,22.0,11.0,3.0,0.0,3.0,0.0,5.0,0.0,2.0,0.0,0.0,189.0,0.0,5.0,112.0,0.0,2.0,0.0,0.0,0.0,0.0,51.0,14.0,1.0,15.0,2.0,7.0,0.0,2.0,5.0,1.0,1.0,10.0,12.0,0.0,2.0,0.0,1.0,11.0,5.0,0.0,0.0,0.0,0.0,0.0,8.0,34.0,3.0,0.0,0.0,0.0,0.0,0.0,0.0,0.0,0.0,0.0,0.0,0.0,0.0,2.0,0.0,0.0,0.0,0.0,27.0,0.0,0.0,0.0,0.0,0.0,0.0,0.0,0.0,0.0,0.0,0.0,0.0,0.0,0.0,0.0,0.0,0.0,0.0,0.0,0.0,0.0,23.0,0.0,0.0,0.0,0.0,1.0,8.0,1.0,2.0,0.0,2.0,0.0,18.0,0.0,1.0,0.0,0.0,67.0,0.0,0.0,0.0,0.0,0.0,66.0,0.0,0.0,0.0,66.0,66.0,66.0,0.0,0.0,66.0,66.0,66.0,66.0,66.0,66.0,66.0,66.0,66.0,66.0,66.0,66.0,0.0,1.0,0.0,0.0,0.0,0.0,0.0,0.0,6.0,0.0,0.0,0.0,0.0,0.0,0.0,0.0,0.0,1.0,1.0,0.0,0.0,0.0,0.0,0.0,1.0,33.0,0.0,0.0,0.0,5.0,0.0,35.0,31.0,0.0,0.0,0.0,0.0,0.0,0.0,0.0,0.0,0.0,0.0,0.0,0.0,0.0,0.0,0.0,0.0,0.0,0.0,0.0,0.0,0.0,0.0,0.0,4.0,0.0,0.0,0.0,0.0,4.0,0.0
quedateencasa,148.0,33.0,11.0,52.0,26.0,14.0,16.0,21.0,10.0,7.0,12.0,7.0,8.0,6.0,11.0,32.0,14.0,0.0,161.0,6.0,0.0,58.0,4.0,13.0,2.0,63.0,5.0,4.0,9.0,5.0,2.0,1.0,3.0,6.0,2.0,2.0,4.0,2.0,4.0,1.0,5.0,7.0,0.0,1.0,1.0,2.0,3.0,0.0,6.0,1.0,13.0,0.0,0.0,0.0,0.0,0.0,0.0,0.0,0.0,0.0,0.0,0.0,0.0,0.0,2.0,0.0,1.0,2.0,0.0,4.0,0.0,4.0,0.0,0.0,0.0,0.0,0.0,0.0,0.0,0.0,0.0,0.0,0.0,0.0,0.0,0.0,0.0,0.0,0.0,0.0,0.0,0.0,0.0,1.0,2.0,5.0,2.0,0.0,8.0,3.0,3.0,0.0,0.0,6.0,1.0,0.0,0.0,0.0,0.0,0.0,0.0,2.0,0.0,0.0,12.0,0.0,0.0,1.0,1.0,0.0,0.0,0.0,0.0,0.0,0.0,0.0,0.0,0.0,0.0,0.0,0.0,0.0,0.0,0.0,0.0,0.0,0.0,0.0,1.0,0.0,1.0,1.0,1.0,0.0,0.0,4.0,0.0,0.0,0.0,0.0,1.0,1.0,3.0,0.0,0.0,8.0,0.0,1.0,0.0,0.0,1.0,4.0,0.0,2.0,2.0,0.0,2.0,1.0,0.0,0.0,0.0,0.0,0.0,0.0,0.0,0.0,0.0,0.0,0.0,0.0,0.0,0.0,0.0,0.0,0.0,0.0,0.0,0.0,0.0,3.0,2.0,0.0,0.0,1.0,0.0,3.0,0.0,1.0,1.0,0.0
fashion,111.0,9.0,25.0,13.0,11.0,16.0,58.0,6.0,12.0,39.0,36.0,49.0,15.0,27.0,54.0,7.0,12.0,5.0,6.0,154.0,5.0,2.0,13.0,39.0,37.0,3.0,12.0,4.0,7.0,8.0,37.0,2.0,7.0,4.0,7.0,42.0,6.0,23.0,11.0,3.0,3.0,1.0,1.0,0.0,8.0,28.0,6.0,2.0,8.0,2.0,36.0,1.0,4.0,33.0,0.0,0.0,0.0,0.0,0.0,0.0,0.0,0.0,0.0,0.0,0.0,1.0,24.0,43.0,0.0,8.0,1.0,5.0,0.0,0.0,0.0,0.0,0.0,0.0,0.0,0.0,0.0,0.0,0.0,0.0,0.0,0.0,0.0,0.0,0.0,0.0,0.0,0.0,1.0,6.0,2.0,4.0,5.0,0.0,40.0,0.0,32.0,11.0,2.0,34.0,2.0,0.0,0.0,34.0,0.0,0.0,0.0,48.0,2.0,0.0,0.0,0.0,0.0,37.0,4.0,0.0,0.0,0.0,0.0,0.0,0.0,0.0,0.0,0.0,0.0,0.0,0.0,0.0,0.0,0.0,0.0,0.0,0.0,0.0,0.0,2.0,0.0,26.0,0.0,2.0,1.0,11.0,0.0,0.0,0.0,0.0,6.0,19.0,5.0,9.0,0.0,2.0,0.0,0.0,0.0,0.0,2.0,1.0,2.0,8.0,30.0,0.0,21.0,9.0,2.0,1.0,0.0,5.0,4.0,3.0,0.0,0.0,0.0,0.0,0.0,0.0,0.0,0.0,0.0,0.0,0.0,0.0,0.0,0.0,0.0,0.0,0.0,0.0,27.0,0.0,11.0,2.0,4.0,2.0,10.0,2.0
explore,135.0,6.0,82.0,11.0,9.0,23.0,13.0,10.0,4.0,3.0,6.0,6.0,8.0,7.0,4.0,1.0,2.0,112.0,0.0,5.0,141.0,1.0,2.0,5.0,4.0,0.0,0.0,21.0,10.0,1.0,15.0,1.0,5.0,0.0,2.0,1.0,1.0,1.0,7.0,8.0,0.0,2.0,0.0,0.0,9.0,6.0,7.0,0.0,0.0,1.0,1.0,8.0,9.0,3.0,0.0,0.0,0.0,0.0,0.0,0.0,0.0,0.0,0.0,0.0,0.0,0.0,2.0,1.0,0.0,0.0,0.0,11.0,0.0,0.0,0.0,0.0,0.0,0.0,0.0,0.0,0.0,0.0,0.0,0.0,0.0,0.0,0.0,0.0,0.0,0.0,0.0,0.0,0.0,17.0,0.0,0.0,1.0,0.0,1.0,6.0,1.0,0.0,0.0,0.0,0.0,10.0,0.0,3.0,0.0,0.0,68.0,1.0,2.0,0.0,0.0,0.0,68.0,2.0,0.0,0.0,67.0,68.0,67.0,0.0,0.0,66.0,67.0,67.0,67.0,67.0,67.0,67.0,67.0,67.0,67.0,67.0,67.0,0.0,0.0,0.0,0.0,0.0,0.0,0.0,2.0,7.0,3.0,0.0,0.0,0.0,0.0,1.0,0.0,0.0,1.0,1.0,0.0,0.0,0.0,0.0,0.0,2.0,14.0,0.0,0.0,0.0,5.0,0.0,12.0,12.0,0.0,2.0,0.0,0.0,0.0,0.0,0.0,0.0,0.0,0.0,0.0,0.0,0.0,0.0,0.0,0.0,0.0,0.0,0.0,0.0,3.0,2.0,0.0,4.0,1.0,0.0,0.0,3.0,4.0,0.0
yomequedoencasa,130.0,49.0,7.0,19.0,20.0,9.0,15.0,18.0,10.0,8.0,16.0,8.0,10.0,7.0,14.0,3.0,8.0,0.0,58.0,2.0,1.0,144.0,1.0,12.0,2.0,46.0,4.0,6.0,8.0,9.0,1.0,0.0,2.0,5.0,2.0,3.0,7.0,3.0,3.0,1.0,5.0,6.0,0.0,1.0,1.0,1.0,3.0,1.0,6.0,0.0,13.0,0.0,0.0,1.0,0.0,0.0,0.0,0.0,0.0,0.0,0.0,0.0,0.0,0.0,2.0,0.0,2.0,2.0,0.0,4.0,0.0,4.0,0.0,0.0,0.0,0.0,0.0,0.0,0.0,0.0,0.0,0.0,0.0,0.0,0.0,0.0,0.0,0.0,0.0,0.0,0.0,0.0,0.0,1.0,1.0,5.0,1.0,0.0,8.0,3.0,4.0,0.0,0.0,8.0,0.0,1.0,0.0,1.0,0.0,0.0,0.0,3.0,0.0,0.0,18.0,0.0,0.0,0.0,3.0,0.0,0.0,0.0,0.0,0.0,0.0,0.0,0.0,0.0,0.0,0.0,0.0,0.0,0.0,0.0,0.0,0.0,0.0,0.0,2.0,0.0,2.0,2.0,0.0,0.0,0.0,4.0,0.0,0.0,0.0,0.0,5.0,4.0,3.0,1.0,0.0,9.0,0.0,2.0,0.0,2.0,1.0,2.0,0.0,0.0,2.0,0.0,1.0,0.0,0.0,0.0,0.0,1.0,0.0,0.0,0.0,0.0,0.0,0.0,0.0,0.0,0.0,0.0,0.0,0.0,0.0,0.0,0.0,0.0,0.0,1.0,1.0,0.0,2.0,0.0,2.0,6.0,0.0,3.0,0.0,0.0
fitness,129.0,11.0,13.0,64.0,8.0,15.0,20.0,4.0,5.0,6.0,17.0,11.0,9.0,10.0,5.0,5.0,5.0,2.0,4.0,13.0,2.0,1.0,170.0,2.0,4.0,1.0,7.0,0.0,1.0,0.0,8.0,1.0,2.0,6.0,7.0,4.0,0.0,7.0,3.0,2.0,0.0,2.0,0.0,15.0,5.0,3.0,10.0,0.0,1.0,2.0,0.0,0.0,1.0,4.0,0.0,0.0,0.0,0.0,0.0,0.0,0.0,0.0,0.0,0.0,53.0,0.0,6.0,2.0,0.0,0.0,0.0,1.0,0.0,0.0,0.0,0.0,0.0,0.0,0.0,0.0,0.0,0.0,0.0,0.0,0.0,0.0,0.0,0.0,0.0,0.0,0.0,0.0,6.0,1.0,0.0,14.0,3.0,0.0,7.0,4.0,2.0,7.0,1.0,2.0,0.0,0.0,53.0,3.0,105.0,0.0,0.0,4.0,5.0,4.0,0.0,103.0,0.0,2.0,1.0,0.0,0.0,0.0,0.0,0.0,0.0,0.0,0.0,0.0,0.0,0.0,0.0,0.0,0.0,0.0,0.0,0.0,0.0,0.0,0.0,3.0,2.0,1.0,0.0,0.0,2.0,3.0,2.0,0.0,0.0,4.0,0.0,2.0,15.0,0.0,0.0,0.0,0.0,0.0,3.0,0.0,0.0,3.0,0.0,3.0,1.0,0.0,4.0,3.0,0.0,0.0,0.0,1.0,0.0,5.0,0.0,0.0,0.0,0.0,0.0,0.0,0.0,0.0,0.0,0.0,0.0,0.0,0.0,0.0,0.0,0.0,1.0,0.0,0.0,0.0,2.0,0.0,0.0,0.0,1.0,0.0
beautiful,90.0,9.0,9.0,10.0,5.0,8.0,58.0,5.0,4.0,59.0,82.0,78.0,20.0,33.0,67.0,5.0,1.0,0.0,13.0,39.0,5.0,12.0,2.0,139.0,37.0,12.0,12.0,0.0,8.0,26.0,31.0,1.0,23.0,1.0,5.0,40.0,20.0,27.0,3.0,9.0,2.0,1.0,0.0,4.0,1.0,24.0,21.0,0.0,5.0,6.0,53.0,0.0,2.0,28.0,0.0,0.0,0.0,0.0,0.0,0.0,0.0,0.0,0.0,0.0,0.0,0.0,22.0,40.0,0.0,0.0,0.0,0.0,0.0,0.0,0.0,0.0,0.0,0.0,0.0,0.0,0.0,0.0,0.0,0.0,0.0,0.0,0.0,0.0,0.0,0.0,0.0,0.0,0.0,0.0,0.0,1.0,8.0,0.0,38.0,6.0,37.0,6.0,0.0,45.0,0.0,5.0,0.0,27.0,0.0,0.0,0.0,31.0,0.0,0.0,0.0,0.0,0.0,28.0,0.0,0.0,0.0,0.0,0.0,0.0,0.0,0.0,0.0,0.0,0.0,0.0,0.0,0.0,0.0,0.0,0.0,0.0,0.0,0.0,0.0,0.0,0.0,36.0,1.0,0.0,0.0,5.0,0.0,0.0,0.0,0.0,20.0,19.0,12.0,21.0,1.0,6.0,0.0,0.0,0.0,0.0,10.0,1.0,0.0,4.0,32.0,0.0,9.0,8.0,0.0,0.0,0.0,11.0,20.0,1.0,0.0,0.0,0.0,0.0,0.0,0.0,0.0,0.0,0.0,0.0,0.0,0.0,0.0,0.0,0.0,8.0,11.0,0.0,23.0,1.0,9.0,0.0,20.0,5.0,15.0,20.0
nature,113.0,5.0,12.0,14.0,21.0,8.0,44.0,5.0,7.0,35.0,46.0,61.0,15.0,60.0,46.0,8.0,1.0,0.0,2.0,37.0,4.0,2.0,4.0,37.0,138.0,0.0,14.0,0.0,1.0,1.0,30.0,0.0,2.0,1.0,6.0,34.0,1.0,7.0,2.0,2.0,7.0,3.0,0.0,1.0,1.0,27.0,22.0,3.0,11.0,5.0,27.0,5.0,1.0,26.0,0.0,0.0,0.0,0.0,0.0,0.0,0.0,0.0,0.0,0.0,1.0,0.0,27.0,27.0,0.0,1.0,0.0,0.0,0.0,0.0,0.0,0.0,0.0,0.0,0.0,0.0,0.0,0.0,0.0,0.0,0.0,0.0,0.0,0.0,0.0,0.0,0.0,0.0,0.0,0.0,0.0,1.0,10.0,0.0,27.0,4.0,27.0,6.0,4.0,29.0,18.0,0.0,0.0,29.0,0.0,0.0,0.0,25.0,1.0,1.0,2.0,0.0,0.0,27.0,4.0,0.0,0.0,0.0,0.0,0.0,0.0,0.0,0.0,0.0,0.0,0.0,0.0,0.0,0.0,0.0,0.0,0.0,0.0,0.0,7.0,0.0,0.0,22.0,2.0,2.0,0.0,9.0,1.0,0.0,0.0,0.0,0.0,23.0,1.0,1.0,0.0,0.0,0.0,0.0,0.0,0.0,5.0,1.0,0.0,6.0,22.0,0.0,3.0,2.0,0.0,0.0,0.0,4.0,0.0,1.0,0.0,0.0,0.0,0.0,0.0,0.0,0.0,0.0,0.0,0.0,0.0,0.0,0.0,0.0,0.0,0.0,13.0,0.0,28.0,1.0,24.0,2.0,1.0,9.0,3.0,0.0
cuarentena,128.0,37.0,10.0,21.0,36.0,34.0,10.0,21.0,10.0,6.0,19.0,15.0,9.0,2.0,19.0,2.0,8.0,0.0,63.0,3.0,0.0,46.0,1.0,12.0,0.0,143.0,2.0,6.0,11.0,8.0,1.0,0.0,2.0,5.0,5.0,10.0,5.0,2.0,4.0,1.0,4.0,6.0,0.0,1.0,2.0,4.0,0.0,1.0,5.0,0.0,12.0,0.0,0.0,2.0,0.0,0.0,0.0,0.0,0.0,0.0,0.0,0.0,0.0,0.0,2.0,0.0,0.0,0.0,0.0,4.0,0.0,4.0,0.0,0.0,0.0,0.0,0.0,0.0,0.0,0.0,0.0,0.0,0.0,0.0,0.0,0.0,0.0,0.0,0.0,0.0,0.0,0.0,0.0,0.0,0.0,5.0,0.0,0.0,8.0,3.0,2.0,1.0,0.0,7.0,0.0,1.0,1.0,0.0,0.0,0.0,0.0,1.0,0.0,0.0,18.0,0.0,0.0,0.0,0.0,0.0,0.0,0.0,0.0,0.0,0.0,0.0,0.0,0.0,0.0,0.0,0.0,0.0,0.0,0.0,0.0,0.0,0.0,0.0,0.0,0.0,1.0,2.0,1.0,0.0,0.0,4.0,0.0,0.0,0.0,0.0,3.0,1.0,2.0,1.0,1.0,8.0,0.0,2.0,0.0,1.0,1.0,0.0,0.0,3.0,2.0,0.0,0.0,1.0,0.0,0.0,0.0,0.0,0.0,0.0,0.0,0.0,0.0,0.0,0.0,0.0,0.0,0.0,0.0,0.0,0.0,0.0,0.0,0.0,0.0,2.0,1.0,0.0,3.0,0.0,0.0,2.0,1.0,0.0,0.0,1.0
life,93.0,6.0,9.0,10.0,10.0,20.0,45.0,6.0,4.0,7.0,21.0,25.0,13.0,14.0,22.0,6.0,7.0,0.0,5.0,12.0,0.0,4.0,7.0,12.0,14.0,2.0,129.0,0.0,1.0,2.0,10.0,2.0,1.0,2.0,3.0,9.0,3.0,3.0,1.0,1.0,0.0,5.0,0.0,56.0,2.0,3.0,8.0,2.0,2.0,7.0,8.0,1.0,2.0,8.0,0.0,0.0,0.0,0.0,0.0,0.0,0.0,0.0,0.0,0.0,1.0,0.0,12.0,12.0,0.0,1.0,0.0,0.0,0.0,0.0,0.0,0.0,0.0,0.0,0.0,0.0,0.0,0.0,0.0,0.0,0.0,0.0,0.0,0.0,0.0,0.0,0.0,0.0,5.0,0.0,1.0,8.0,2.0,0.0,14.0,3.0,10.0,8.0,1.0,13.0,1.0,0.0,0.0,11.0,0.0,0.0,0.0,7.0,55.0,55.0,0.0,0.0,0.0,9.0,0.0,0.0,0.0,0.0,0.0,0.0,0.0,0.0,0.0,0.0,0.0,0.0,0.0,0.0,0.0,0.0,0.0,0.0,0.0,0.0,6.0,54.0,52.0,1.0,53.0,1.0,53.0,11.0,54.0,0.0,0.0,55.0,1.0,12.0,10.0,1.0,0.0,0.0,0.0,0.0,54.0,51.0,2.0,0.0,0.0,9.0,2.0,51.0,1.0,4.0,0.0,0.0,0.0,13.0,1.0,0.0,51.0,51.0,51.0,51.0,51.0,51.0,51.0,51.0,51.0,51.0,51.0,51.0,51.0,51.0,51.0,0.0,4.0,0.0,6.0,1.0,5.0,0.0,1.0,2.0,8.0,1.0
memes,120.0,15.0,64.0,5.0,6.0,11.0,14.0,8.0,8.0,12.0,7.0,1.0,8.0,1.0,0.0,2.0,5.0,51.0,4.0,4.0,21.0,6.0,0.0,0.0,0.0,6.0,0.0,151.0,25.0,5.0,23.0,3.0,1.0,8.0,1.0,3.0,2.0,1.0,5.0,11.0,4.0,6.0,0.0,1.0,18.0,5.0,0.0,0.0,4.0,9.0,0.0,15.0,44.0,2.0,0.0,0.0,0.0,0.0,0.0,0.0,0.0,0.0,0.0,0.0,0.0,0.0,1.0,0.0,0.0,9.0,0.0,72.0,0.0,0.0,0.0,0.0,0.0,0.0,0.0,0.0,0.0,0.0,0.0,0.0,0.0,0.0,0.0,0.0,0.0,0.0,0.0,0.0,2.0,6.0,3.0,4.0,1.0,0.0,0.0,3.0,0.0,3.0,0.0,0.0,0.0,26.0,0.0,6.0,0.0,0.0,0.0,1.0,1.0,0.0,4.0,0.0,0.0,1.0,3.0,0.0,0.0,0.0,0.0,0.0,0.0,0.0,0.0,0.0,0.0,0.0,0.0,0.0,0.0,0.0,0.0,0.0,0.0,0.0,0.0,0.0,0.0,1.0,0.0,0.0,1.0,9.0,0.0,0.0,0.0,1.0,2.0,0.0,0.0,0.0,0.0,22.0,0.0,1.0,0.0,1.0,2.0,2.0,43.0,0.0,8.0,0.0,0.0,0.0,57.0,61.0,0.0,0.0,0.0,0.0,1.0,0.0,0.0,0.0,0.0,0.0,0.0,0.0,0.0,0.0,0.0,0.0,0.0,0.0,0.0,0.0,0.0,0.0,0.0,0.0,0.0,4.0,0.0,1.0,0.0,0.0
tiktok,120.0,15.0,46.0,20.0,6.0,22.0,18.0,3.0,2.0,3.0,9.0,1.0,26.0,3.0,3.0,0.0,2.0,14.0,9.0,7.0,10.0,8.0,1.0,8.0,1.0,11.0,1.0,25.0,156.0,0.0,21.0,4.0,6.0,1.0,3.0,2.0,1.0,0.0,7.0,10.0,2.0,0.0,0.0,0.0,4.0,2.0,2.0,0.0,0.0,2.0,7.0,11.0,28.0,0.0,0.0,0.0,0.0,0.0,0.0,0.0,0.0,0.0,0.0,0.0,1.0,0.0,1.0,1.0,0.0,0.0,0.0,27.0,0.0,0.0,0.0,0.0,0.0,0.0,0.0,0.0,0.0,0.0,0.0,0.0,0.0,0.0,0.0,0.0,0.0,0.0,0.0,0.0,0.0,16.0,0.0,0.0,6.0,0.0,7.0,0.0,1.0,2.0,0.0,6.0,1.0,26.0,0.0,1.0,0.0,0.0,0.0,2.0,0.0,0.0,0.0,0.0,0.0,9.0,11.0,0.0,0.0,0.0,0.0,0.0,0.0,0.0,0.0,0.0,0.0,0.0,0.0,0.0,0.0,0.0,0.0,0.0,0.0,0.0,0.0,0.0,0.0,1.0,1.0,6.0,0.0,4.0,0.0,0.0,0.0,0.0,0.0,1.0,0.0,0.0,1.0,7.0,0.0,0.0,0.0,0.0,0.0,4.0,19.0,3.0,16.0,0.0,5.0,1.0,7.0,24.0,0.0,4.0,0.0,1.0,0.0,0.0,0.0,0.0,0.0,0.0,0.0,0.0,0.0,0.0,0.0,0.0,0.0,0.0,0.0,1.0,0.0,14.0,4.0,3.0,0.0,1.0,0.0,2.0,3.0,0.0
drawing,98.0,16.0,20.0,26.0,9.0,10.0,14.0,16.0,31.0,109.0,25.0,22.0,5.0,2.0,6.0,8.0,2.0,1.0,5.0,8.0,1.0,9.0,0.0,26.0,1.0,8.0,2.0,5.0,0.0,164.0,0.0,2.0,51.0,5.0,2.0,2.0,70.0,30.0,4.0,5.0,0.0,3.0,0.0,0.0,11.0,1.0,3.0,0.0,4.0,5.0,0.0,1.0,0.0,0.0,0.0,0.0,0.0,0.0,0.0,0.0,0.0,0.0,0.0,0.0,6.0,0.0,0.0,1.0,0.0,4.0,0.0,0.0,0.0,0.0,0.0,0.0,0.0,0.0,0.0,0.0,0.0,0.0,0.0,0.0,0.0,0.0,0.0,0.0,0.0,0.0,0.0,0.0,0.0,0.0,27.0,1.0,7.0,0.0,1.0,9.0,2.0,9.0,7.0,0.0,2.0,5.0,1.0,0.0,0.0,0.0,0.0,1.0,0.0,0.0,3.0,0.0,0.0,11.0,4.0,0.0,0.0,0.0,0.0,0.0,0.0,0.0,0.0,0.0,0.0,0.0,0.0,0.0,0.0,0.0,0.0,0.0,0.0,0.0,5.0,0.0,0.0,1.0,1.0,6.0,1.0,0.0,0.0,0.0,0.0,1.0,83.0,0.0,0.0,47.0,0.0,11.0,0.0,2.0,0.0,0.0,0.0,0.0,0.0,0.0,0.0,0.0,4.0,0.0,0.0,0.0,0.0,1.0,40.0,1.0,0.0,0.0,0.0,0.0,0.0,0.0,0.0,0.0,0.0,0.0,0.0,0.0,0.0,0.0,0.0,0.0,1.0,0.0,1.0,1.0,2.0,15.0,29.0,0.0,1.0,41.0
follow,95.0,10.0,18.0,7.0,10.0,9.0,50.0,7.0,15.0,37.0,49.0,41.0,20.0,8.0,41.0,7.0,1.0,15.0,2.0,37.0,15.0,1.0,8.0,31.0,30.0,1.0,10.0,23.0,21.0,0.0,123.0,2.0,9.0,2.0,13.0,41.0,2.0,8.0,12.0,26.0,2.0,2.0,0.0,5.0,6.0,31.0,10.0,0.0,0.0,5.0,39.0,9.0,18.0,48.0,0.0,0.0,0.0,0.0,0.0,0.0,0.0,0.0,0.0,0.0,2.0,0.0,30.0,42.0,0.0,5.0,0.0,22.0,0.0,0.0,0.0,0.0,0.0,0.0,0.0,0.0,0.0,0.0,0.0,0.0,0.0,0.0,0.0,0.0,0.0,0.0,0.0,0.0,0.0,10.0,0.0,3.0,2.0,0.0,33.0,3.0,35.0,5.0,8.0,34.0,0.0,18.0,0.0,26.0,0.0,0.0,0.0,30.0,0.0,0.0,0.0,0.0,0.0,32.0,1.0,0.0,0.0,0.0,0.0,0.0,0.0,0.0,0.0,0.0,0.0,0.0,0.0,0.0,0.0,0.0,0.0,0.0,0.0,0.0,0.0,1.0,0.0,26.0,0.0,0.0,0.0,30.0,0.0,0.0,0.0,2.0,0.0,4.0,1.0,1.0,0.0,1.0,0.0,0.0,1.0,0.0,5.0,5.0,7.0,10.0,40.0,0.0,3.0,0.0,7.0,15.0,0.0,2.0,0.0,3.0,0.0,0.0,0.0,0.0,0.0,0.0,0.0,0.0,0.0,0.0,0.0,0.0,0.0,0.0,0.0,0.0,1.0,0.0,26.0,0.0,1.0,0.0,0.0,1.0,3.0,0.0
lockdown,116.0,29.0,57.0,23.0,45.0,25.0,13.0,14.0,13.0,5.0,4.0,2.0,9.0,5.0,3.0,11.0,48.0,2.0,1.0,2.0,1.0,0.0,1.0,1.0,0.0,0.0,2.0,3.0,4.0,2.0,2.0,118.0,3.0,14.0,15.0,0.0,2.0,1.0,5.0,13.0,1.0,5.0,0.0,0.0,5.0,2.0,0.0,2.0,4.0,21.0,0.0,8.0,4.0,1.0,0.0,0.0,0.0,0.0,0.0,0.0,0.0,0.0,0.0,0.0,1.0,0.0,24.0,1.0,0.0,6.0,0.0,3.0,0.0,0.0,0.0,0.0,0.0,0.0,0.0,0.0,0.0,0.0,0.0,0.0,0.0,0.0,0.0,0.0,0.0,0.0,0.0,0.0,0.0,2.0,1.0,1.0,2.0,0.0,2.0,5.0,0.0,1.0,13.0,1.0,2.0,1.0,0.0,5.0,0.0,0.0,0.0,1.0,0.0,1.0,0.0,0.0,0.0,2.0,1.0,0.0,0.0,0.0,0.0,0.0,0.0,0.0,0.0,0.0,0.0,0.0,0.0,0.0,0.0,0.0,0.0,0.0,0.0,0.0,7.0,0.0,0.0,0.0,1.0,14.0,0.0,0.0,0.0,0.0,0.0,0.0,1.0,0.0,1.0,0.0,3.0,0.0,0.0,0.0,0.0,1.0,1.0,3.0,0.0,0.0,0.0,0.0,2.0,13.0,0.0,0.0,0.0,2.0,1.0,0.0,1.0,0.0,0.0,0.0,0.0,0.0,0.0,0.0,0.0,0.0,0.0,0.0,0.0,0.0,0.0,0.0,1.0,3.0,1.0,2.0,1.0,0.0,0.0,0.0,1.0,2.0
artist,92.0,11.0,20.0,29.0,19.0,19.0,20.0,9.0,24.0,86.0,43.0,33.0,8.0,5.0,9.0,8.0,7.0,7.0,3.0,7.0,5.0,2.0,2.0,23.0,2.0,2.0,1.0,1.0,6.0,51.0,9.0,3.0,129.0,1.0,1.0,7.0,45.0,19.0,14.0,9.0,2.0,1.0,3.0,0.0,8.0,1.0,8.0,1.0,7.0,1.0,7.0,7.0,0.0,8.0,0.0,0.0,0.0,0.0,0.0,0.0,0.0,0.0,0.0,0.0,0.0,0.0,1.0,7.0,0.0,3.0,0.0,3.0,0.0,0.0,0.0,0.0,0.0,0.0,0.0,0.0,0.0,0.0,0.0,0.0,0.0,0.0,0.0,0.0,0.0,0.0,0.0,0.0,1.0,7.0,29.0,2.0,5.0,0.0,2.0,10.0,1.0,1.0,14.0,1.0,4.0,0.0,0.0,3.0,0.0,0.0,0.0,7.0,0.0,0.0,2.0,0.0,0.0,1.0,24.0,0.0,0.0,0.0,0.0,0.0,0.0,0.0,0.0,0.0,0.0,0.0,0.0,0.0,0.0,0.0,0.0,0.0,0.0,0.0,2.0,0.0,0.0,1.0,1.0,3.0,1.0,4.0,0.0,0.0,0.0,1.0,30.0,0.0,0.0,34.0,1.0,0.0,0.0,0.0,0.0,0.0,0.0,1.0,0.0,0.0,2.0,0.0,8.0,0.0,1.0,0.0,0.0,1.0,40.0,0.0,0.0,0.0,0.0,0.0,0.0,0.0,0.0,0.0,0.0,0.0,0.0,0.0,0.0,0.0,0.0,0.0,0.0,0.0,1.0,9.0,1.0,20.0,41.0,1.0,1.0,34.0
socialdistancing,111.0,39.0,23.0,28.0,49.0,51.0,21.0,20.0,15.0,11.0,12.0,10.0,7.0,14.0,5.0,15.0,34.0,0.0,6.0,4.0,0.0,5.0,6.0,1.0,1.0,5.0,2.0,8.0,1.0,5.0,2.0,14.0,1.0,112.0,2.0,6.0,5.0,1.0,2.0,0.0,5.0,12.0,0.0,6.0,5.0,1.0,2.0,0.0,5.0,4.0,3.0,22.0,5.0,1.0,0.0,0.0,0.0,0.0,0.0,0.0,0.0,0.0,0.0,0.0,1.0,0.0,2.0,0.0,0.0,4.0,0.0,8.0,0.0,0.0,0.0,0.0,0.0,0.0,0.0,0.0,0.0,0.0,0.0,0.0,0.0,0.0,0.0,0.0,0.0,0.0,0.0,0.0,2.0,2.0,1.0,9.0,1.0,0.0,2.0,9.0,5.0,4.0,0.0,0.0,2.0,1.0,0.0,1.0,0.0,0.0,0.0,3.0,6.0,4.0,5.0,0.0,0.0,0.0,2.0,0.0,0.0,0.0,0.0,0.0,0.0,0.0,0.0,0.0,0.0,0.0,0.0,0.0,0.0,0.0,0.0,0.0,0.0,0.0,1.0,2.0,1.0,2.0,0.0,0.0,3.0,5.0,0.0,0.0,0.0,2.0,1.0,1.0,3.0,0.0,26.0,0.0,0.0,0.0,0.0,1.0,0.0,0.0,1.0,1.0,1.0,0.0,1.0,7.0,1.0,0.0,0.0,1.0,0.0,1.0,1.0,0.0,0.0,0.0,0.0,0.0,0.0,0.0,0.0,0.0,0.0,0.0,0.0,0.0,0.0,1.0,0.0,0.0,1.0,0.0,3.0,1.0,1.0,3.0,1.0,2.0
likeforlikes,86.0,6.0,51.0,38.0,20.0,7.0,14.0,9.0,35.0,1.0,18.0,40.0,76.0,13.0,39.0,6.0,14.0,2.0,2.0,7.0,2.0,2.0,7.0,5.0,6.0,5.0,3.0,1.0,3.0,2.0,13.0,15.0,1.0,2.0,142.0,3.0,0.0,3.0,3.0,70.0,2.0,1.0,0.0,1.0,1.0,2.0,5.0,1.0,2.0,17.0,2.0,3.0,31.0,5.0,0.0,0.0,0.0,0.0,0.0,0.0,0.0,0.0,0.0,0.0,1.0,0.0,0.0,9.0,0.0,4.0,0.0,1.0,0.0,0.0,0.0,0.0,0.0,0.0,0.0,0.0,0.0,0.0,0.0,0.0,0.0,0.0,0.0,0.0,0.0,0.0,0.0,0.0,6.0,1.0,0.0,1.0,2.0,0.0,3.0,5.0,4.0,2.0,13.0,2.0,0.0,1.0,0.0,0.0,0.0,0.0,0.0,1.0,1.0,0.0,1.0,0.0,0.0,2.0,0.0,0.0,0.0,0.0,0.0,0.0,0.0,0.0,0.0,0.0,0.0,0.0,0.0,0.0,0.0,0.0,0.0,0.0,0.0,0.0,1.0,0.0,0.0,4.0,4.0,0.0,0.0,14.0,0.0,0.0,0.0,0.0,1.0,2.0,6.0,0.0,0.0,0.0,0.0,0.0,0.0,0.0,58.0,2.0,0.0,9.0,4.0,0.0,4.0,15.0,0.0,0.0,0.0,0.0,0.0,57.0,0.0,0.0,0.0,0.0,0.0,0.0,0.0,0.0,0.0,0.0,0.0,0.0,0.0,0.0,0.0,1.0,1.0,0.0,2.0,1.0,1.0,1.0,0.0,2.0,0.0,0.0
cute,87.0,8.0,18.0,10.0,21.0,24.0,61.0,8.0,7.0,38.0,65.0,66.0,4.0,14.0,50.0,7.0,2.0,5.0,2.0,42.0,1.0,3.0,4.0,40.0,34.0,10.0,9.0,3.0,2.0,2.0,41.0,0.0,7.0,6.0,3.0,122.0,0.0,8.0,1.0,8.0,1.0,0.0,0.0,3.0,1.0,24.0,9.0,0.0,3.0,3.0,47.0,1.0,2.0,38.0,0.0,0.0,0.0,0.0,0.0,0.0,0.0,0.0,0.0,0.0,1.0,0.0,26.0,49.0,0.0,5.0,0.0,2.0,0.0,0.0,0.0,0.0,0.0,0.0,0.0,0.0,0.0,0.0,0.0,0.0,0.0,0.0,0.0,0.0,0.0,0.0,0.0,0.0,0.0,1.0,1.0,1.0,1.0,0.0,42.0,1.0,29.0,5.0,13.0,36.0,1.0,0.0,0.0,29.0,0.0,0.0,0.0,26.0,0.0,0.0,1.0,0.0,0.0,28.0,6.0,0.0,0.0,0.0,0.0,0.0,0.0,0.0,0.0,0.0,0.0,0.0,0.0,0.0,0.0,0.0,0.0,0.0,0.0,0.0,0.0,0.0,0.0,24.0,1.0,0.0,0.0,3.0,0.0,0.0,0.0,0.0,2.0,2.0,3.0,2.0,2.0,0.0,0.0,0.0,0.0,0.0,4.0,0.0,0.0,9.0,32.0,0.0,2.0,3.0,0.0,1.0,0.0,5.0,0.0,1.0,0.0,0.0,0.0,0.0,0.0,0.0,0.0,0.0,0.0,0.0,0.0,0.0,0.0,0.0,0.0,0.0,1.0,0.0,26.0,0.0,0.0,2.0,0.0,0.0,6.0,0.0
illustration,79.0,12.0,10.0,24.0,11.0,9.0,10.0,10.0,19.0,71.0,22.0,21.0,8.0,1.0,3.0,8.0,3.0,1.0,4.0,6.0,1.0,7.0,0.0,20.0,1.0,5.0,3.0,2.0,1.0,70.0,2.0,2.0,45.0,5.0,0.0,0.0,109.0,27.0,5.0,0.0,1.0,5.0,0.0,0.0,7.0,0.0,3.0,0.0,6.0,0.0,0.0,0.0,0.0,0.0,0.0,0.0,0.0,0.0,0.0,0.0,0.0,0.0,0.0,0.0,0.0,0.0,0.0,0.0,0.0,2.0,1.0,3.0,0.0,0.0,0.0,0.0,0.0,0.0,0.0,0.0,0.0,0.0,0.0,0.0,0.0,0.0,0.0,0.0,0.0,0.0,0.0,0.0,0.0,0.0,17.0,1.0,2.0,0.0,1.0,2.0,2.0,4.0,2.0,0.0,1.0,0.0,0.0,1.0,0.0,0.0,0.0,3.0,0.0,1.0,5.0,0.0,0.0,3.0,5.0,0.0,0.0,0.0,0.0,0.0,0.0,0.0,0.0,0.0,0.0,0.0,0.0,0.0,0.0,0.0,0.0,0.0,0.0,1.0,3.0,0.0,0.0,0.0,0.0,7.0,0.0,3.0,0.0,0.0,0.0,0.0,38.0,0.0,0.0,47.0,0.0,7.0,0.0,2.0,0.0,0.0,0.0,0.0,0.0,0.0,0.0,0.0,1.0,0.0,0.0,0.0,0.0,0.0,30.0,0.0,0.0,0.0,0.0,0.0,0.0,0.0,0.0,0.0,0.0,0.0,0.0,0.0,0.0,0.0,0.0,0.0,0.0,0.0,0.0,1.0,1.0,25.0,31.0,0.0,2.0,35.0
design,98.0,6.0,11.0,19.0,14.0,10.0,30.0,1.0,16.0,52.0,24.0,23.0,15.0,20.0,9.0,1.0,1.0,1.0,2.0,23.0,1.0,3.0,7.0,27.0,7.0,2.0,3.0,1.0,0.0,30.0,8.0,1.0,19.0,1.0,3.0,8.0,27.0,121.0,5.0,16.0,0.0,1.0,3.0,0.0,10.0,2.0,22.0,3.0,4.0,13.0,14.0,1.0,0.0,6.0,0.0,0.0,0.0,0.0,0.0,0.0,0.0,0.0,0.0,0.0,2.0,0.0,0.0,14.0,0.0,5.0,0.0,1.0,0.0,0.0,0.0,0.0,0.0,0.0,0.0,0.0,0.0,0.0,0.0,0.0,0.0,0.0,0.0,0.0,0.0,0.0,0.0,0.0,1.0,0.0,11.0,0.0,13.0,0.0,4.0,10.0,10.0,15.0,6.0,9.0,7.0,10.0,0.0,0.0,0.0,0.0,0.0,4.0,1.0,0.0,4.0,0.0,0.0,0.0,5.0,0.0,0.0,0.0,0.0,0.0,0.0,0.0,0.0,0.0,0.0,0.0,0.0,0.0,0.0,0.0,0.0,0.0,0.0,0.0,3.0,0.0,0.0,9.0,1.0,5.0,0.0,4.0,0.0,0.0,0.0,0.0,8.0,9.0,8.0,12.0,0.0,4.0,0.0,0.0,0.0,0.0,8.0,0.0,0.0,0.0,0.0,0.0,0.0,10.0,1.0,1.0,0.0,9.0,7.0,0.0,0.0,0.0,0.0,0.0,0.0,0.0,0.0,0.0,0.0,0.0,0.0,0.0,0.0,0.0,0.0,8.0,8.0,0.0,1.0,4.0,6.0,17.0,4.0,3.0,10.0,3.0
music,98.0,6.0,23.0,22.0,14.0,13.0,37.0,10.0,5.0,23.0,10.0,1.0,11.0,5.0,7.0,6.0,4.0,10.0,4.0,11.0,7.0,3.0,3.0,3.0,2.0,4.0,1.0,5.0,7.0,4.0,12.0,5.0,14.0,2.0,3.0,1.0,5.0,5.0,130.0,7.0,0.0,5.0,1.0,0.0,5.0,2.0,1.0,0.0,2.0,1.0,1.0,2.0,4.0,5.0,0.0,0.0,0.0,0.0,0.0,0.0,0.0,0.0,0.0,0.0,2.0,1.0,3.0,3.0,0.0,7.0,1.0,5.0,0.0,0.0,0.0,0.0,0.0,0.0,0.0,0.0,0.0,0.0,0.0,0.0,0.0,0.0,0.0,0.0,0.0,0.0,0.0,0.0,0.0,8.0,1.0,5.0,5.0,0.0,1.0,7.0,3.0,3.0,1.0,1.0,0.0,2.0,0.0,1.0,0.0,0.0,0.0,6.0,2.0,1.0,2.0,0.0,0.0,4.0,1.0,0.0,0.0,0.0,0.0,0.0,0.0,0.0,0.0,0.0,0.0,0.0,0.0,0.0,0.0,0.0,0.0,0.0,0.0,0.0,3.0,0.0,0.0,0.0,0.0,6.0,2.0,10.0,1.0,0.0,0.0,0.0,1.0,0.0,0.0,1.0,2.0,0.0,0.0,0.0,0.0,0.0,1.0,4.0,0.0,2.0,1.0,0.0,8.0,0.0,0.0,0.0,0.0,0.0,0.0,1.0,0.0,0.0,0.0,0.0,0.0,0.0,0.0,0.0,0.0,0.0,0.0,0.0,0.0,0.0,0.0,2.0,0.0,0.0,1.0,5.0,0.0,0.0,1.0,1.0,0.0,1.0
followforfollowback,88.0,2.0,33.0,17.0,26.0,8.0,21.0,0.0,21.0,19.0,17.0,24.0,43.0,7.0,18.0,1.0,13.0,12.0,1.0,3.0,8.0,1.0,2.0,9.0,2.0,1.0,1.0,11.0,10.0,5.0,26.0,13.0,9.0,0.0,70.0,8.0,0.0,16.0,7.0,106.0,0.0,0.0,0.0,1.0,0.0,2.0,6.0,0.0,0.0,19.0,8.0,6.0,24.0,15.0,0.0,0.0,0.0,0.0,0.0,0.0,0.0,0.0,0.0,0.0,1.0,1.0,3.0,14.0,0.0,0.0,1.0,9.0,0.0,0.0,0.0,0.0,0.0,0.0,0.0,0.0,0.0,0.0,0.0,0.0,0.0,0.0,0.0,0.0,0.0,0.0,0.0,0.0,1.0,3.0,0.0,0.0,7.0,0.0,4.0,6.0,2.0,5.0,19.0,3.0,1.0,15.0,0.0,2.0,0.0,0.0,0.0,3.0,1.0,0.0,0.0,0.0,0.0,1.0,0.0,0.0,0.0,0.0,0.0,0.0,0.0,0.0,0.0,0.0,0.0,0.0,0.0,0.0,0.0,0.0,0.0,0.0,0.0,0.0,1.0,0.0,0.0,7.0,3.0,0.0,0.0,9.0,0.0,0.0,0.0,0.0,0.0,0.0,1.0,1.0,1.0,1.0,0.0,0.0,0.0,1.0,35.0,2.0,10.0,4.0,4.0,0.0,3.0,15.0,11.0,9.0,0.0,2.0,0.0,37.0,0.0,0.0,0.0,0.0,0.0,0.0,0.0,0.0,0.0,0.0,0.0,0.0,0.0,0.0,0.0,1.0,0.0,0.0,4.0,3.0,0.0,0.0,0.0,2.0,0.0,0.0
italia,100.0,33.0,49.0,14.0,22.0,5.0,12.0,45.0,15.0,2.0,6.0,12.0,1.0,12.0,15.0,14.0,6.0,0.0,5.0,3.0,0.0,5.0,0.0,2.0,7.0,4.0,0.0,4.0,2.0,0.0,2.0,1.0,2.0,5.0,2.0,1.0,1.0,0.0,0.0,0.0,106.0,22.0,0.0,0.0,0.0,2.0,1.0,2.0,46.0,0.0,4.0,0.0,0.0,0.0,0.0,0.0,0.0,0.0,0.0,0.0,0.0,0.0,0.0,0.0,0.0,0.0,0.0,2.0,0.0,8.0,0.0,5.0,0.0,0.0,0.0,0.0,0.0,0.0,0.0,0.0,0.0,0.0,0.0,0.0,0.0,0.0,0.0,0.0,0.0,0.0,0.0,0.0,0.0,1.0,1.0,7.0,22.0,0.0,0.0,1.0,0.0,0.0,15.0,0.0,3.0,0.0,0.0,0.0,0.0,0.0,0.0,1.0,0.0,0.0,21.0,0.0,0.0,2.0,0.0,0.0,0.0,0.0,0.0,0.0,0.0,0.0,0.0,0.0,0.0,0.0,0.0,0.0,0.0,0.0,0.0,0.0,0.0,0.0,0.0,0.0,0.0,0.0,0.0,1.0,0.0,7.0,0.0,0.0,0.0,0.0,0.0,2.0,0.0,0.0,0.0,0.0,0.0,0.0,0.0,0.0,0.0,0.0,0.0,4.0,1.0,0.0,3.0,0.0,0.0,0.0,0.0,0.0,0.0,0.0,0.0,0.0,0.0,0.0,0.0,0.0,0.0,0.0,0.0,0.0,0.0,0.0,0.0,0.0,0.0,0.0,9.0,0.0,0.0,1.0,9.0,1.0,0.0,1.0,0.0,0.0
pandemic,102.0,35.0,53.0,27.0,36.0,18.0,13.0,23.0,29.0,5.0,8.0,10.0,5.0,5.0,6.0,26.0,16.0,2.0,7.0,1.0,2.0,6.0,2.0,1.0,3.0,6.0,5.0,6.0,0.0,3.0,2.0,5.0,1.0,12.0,1.0,0.0,5.0,1.0,5.0,0.0,22.0,105.0,0.0,6.0,11.0,3.0,2.0,0.0,21.0,1.0,5.0,5.0,2.0,1.0,0.0,0.0,0.0,0.0,0.0,0.0,0.0,0.0,0.0,0.0,6.0,0.0,1.0,0.0,0.0,9.0,0.0,4.0,0.0,0.0,0.0,0.0,0.0,0.0,0.0,0.0,0.0,0.0,0.0,0.0,0.0,0.0,0.0,0.0,0.0,0.0,0.0,0.0,0.0,0.0,4.0,18.0,11.0,0.0,0.0,7.0,7.0,1.0,14.0,1.0,1.0,1.0,0.0,1.0,0.0,0.0,0.0,1.0,0.0,1.0,22.0,0.0,0.0,0.0,0.0,0.0,0.0,0.0,0.0,0.0,0.0,0.0,0.0,0.0,0.0,0.0,0.0,0.0,0.0,0.0,0.0,0.0,0.0,0.0,2.0,0.0,1.0,0.0,0.0,0.0,0.0,7.0,0.0,0.0,0.0,0.0,0.0,3.0,0.0,0.0,10.0,0.0,0.0,0.0,0.0,0.0,0.0,0.0,0.0,4.0,0.0,0.0,0.0,2.0,0.0,0.0,0.0,1.0,0.0,0.0,0.0,0.0,0.0,0.0,0.0,0.0,0.0,0.0,0.0,0.0,0.0,0.0,0.0,0.0,0.0,1.0,0.0,0.0,0.0,0.0,2.0,1.0,0.0,0.0,2.0,1.0
shanghai,102.0,1.0,1.0,31.0,23.0,0.0,0.0,1.0,26.0,3.0,3.0,0.0,0.0,1.0,4.0,0.0,0.0,0.0,0.0,1.0,0.0,0.0,0.0,0.0,0.0,0.0,0.0,0.0,0.0,0.0,0.0,0.0,3.0,0.0,0.0,0.0,0.0,3.0,1.0,0.0,0.0,0.0,106.0,0.0,0.0,0.0,1.0,71.0,0.0,0.0,0.0,0.0,0.0,1.0,0.0,0.0,0.0,0.0,0.0,0.0,0.0,0.0,0.0,0.0,0.0,0.0,0.0,0.0,0.0,7.0,0.0,0.0,0.0,0.0,0.0,0.0,0.0,0.0,0.0,0.0,0.0,0.0,0.0,0.0,0.0,0.0,0.0,0.0,0.0,0.0,0.0,0.0,0.0,0.0,3.0,0.0,0.0,0.0,0.0,0.0,0.0,0.0,1.0,0.0,3.0,0.0,0.0,0.0,0.0,69.0,0.0,0.0,0.0,0.0,0.0,0.0,0.0,0.0,0.0,0.0,0.0,0.0,0.0,68.0,68.0,0.0,0.0,0.0,0.0,0.0,0.0,0.0,0.0,0.0,0.0,0.0,0.0,0.0,0.0,0.0,0.0,1.0,0.0,0.0,0.0,0.0,0.0,60.0,60.0,0.0,0.0,0.0,0.0,0.0,0.0,0.0,0.0,0.0,0.0,0.0,0.0,0.0,0.0,0.0,0.0,0.0,0.0,0.0,0.0,0.0,0.0,0.0,3.0,0.0,0.0,0.0,0.0,0.0,0.0,0.0,0.0,0.0,0.0,0.0,0.0,0.0,0.0,0.0,0.0,0.0,0.0,0.0,1.0,3.0,0.0,3.0,0.0,2.0,0.0,0.0
motivation,76.0,9.0,13.0,6.0,10.0,9.0,6.0,4.0,3.0,1.0,15.0,9.0,8.0,6.0,5.0,8.0,4.0,1.0,1.0,0.0,0.0,1.0,15.0,4.0,1.0,1.0,56.0,1.0,0.0,0.0,5.0,0.0,0.0,6.0,1.0,3.0,0.0,0.0,0.0,1.0,0.0,6.0,0.0,101.0,9.0,0.0,2.0,0.0,0.0,0.0,4.0,0.0,2.0,2.0,0.0,0.0,0.0,0.0,0.0,0.0,0.0,0.0,0.0,0.0,0.0,0.0,2.0,1.0,0.0,0.0,0.0,0.0,0.0,0.0,0.0,0.0,0.0,0.0,0.0,0.0,0.0,0.0,0.0,0.0,0.0,0.0,0.0,0.0,0.0,0.0,0.0,0.0,0.0,0.0,0.0,8.0,2.0,0.0,2.0,2.0,0.0,2.0,0.0,5.0,1.0,1.0,0.0,1.0,0.0,0.0,0.0,0.0,55.0,54.0,0.0,0.0,0.0,0.0,0.0,0.0,0.0,0.0,0.0,0.0,0.0,0.0,0.0,0.0,0.0,0.0,0.0,0.0,0.0,0.0,0.0,0.0,0.0,0.0,1.0,52.0,53.0,1.0,51.0,0.0,51.0,1.0,52.0,0.0,0.0,51.0,0.0,1.0,6.0,0.0,0.0,0.0,0.0,0.0,52.0,52.0,0.0,0.0,0.0,0.0,0.0,51.0,1.0,4.0,0.0,0.0,0.0,2.0,0.0,0.0,51.0,51.0,51.0,51.0,51.0,51.0,51.0,51.0,51.0,51.0,51.0,51.0,51.0,51.0,51.0,0.0,1.0,0.0,1.0,0.0,0.0,0.0,0.0,0.0,1.0,0.0
